 [
    [0.155, 0.160, 0.161, 0.162, 0.166, 0.164, 0.165, 0.167, 0.168, 0.169],
    [0.292, 0.303, 0.308, 0.310, 0.307, 0.312, 0.318, 0.321, 0.325, 0.332 ],
    [0.450, 0.464, 0.474, 0.478, 0.483, 0.480, 0.498, 0.503, 0.513, 0.516],
    [0.623, 0.650, 0.673, 0.679, 0.692, 0.689, 0.695, 0.710, 0.715,0.718],
    [0.826, 0.825, 0.829, 0.835, 0.845, 0.842, 0.854, 0.868, 0.879, 0.884],
    [0.971, 1.019, 1.028, 1.050, 1.064, 1.074, 1.080, 1.092, 1.109, 1.121],
    [1.192, 1.294, 1.377, 1.389, 1.414, 1.406, 1.413, 1.425, 1.440, 1.464],
    [1.573, 1.612, 1.655, 1.701, 1.703, 1.658, 1.712, 1.740, 1.756, 1.777],
    [1.786, 1.875, 1.903, 1.925, 1.915, 1.953, 1.963, 1.980, 2.050, 2.126],
    [2.160, 2.140, 2.215, 2.248, 2.263, 2.243, 2.307, 2.277, 2.360, 2.314]
]